0 0.000000 0.000000
1 2.000365 0.000000
2 3.102241 0.000000
3 4.666084 0.000000
4 6.827977 0.000000
5 9.746966 0.000000
6 13.605424 0.000000
7 18.608931 0.000000
8 24.985718 0.000000
9 32.985710 0.000000
10 42.879242 0.000000
11 54.955463 0.000000
12 69.520576 0.000000
13 86.895882 0.000000
14 107.415741 0.000000
15 131.425507 0.000000
16 159.279404 0.000000
17 191.338562 0.000000
18 227.968948 0.000000
19 269.539581 0.000000
20 316.420746 0.000000
21 368.982361 0.000000
22 427.592499 0.000000
23 492.616028 0.000000
24 564.413452 0.000000
25 643.339905 0.000000
26 729.744141 0.000000
27 823.967834 0.000000
28 926.344910 0.000000
29 1037.201172 0.000000
30 1156.853638 0.000000
31 1285.610352 0.000000
32 1423.770142 0.000000
33 1571.622925 0.000000
34 1729.448975 0.000000
35 1897.519287 0.000000
36 2076.095947 0.000000
37 2265.431641 0.000000
38 2465.770508 0.000000
39 2677.348145 0.000000
40 2900.391357 0.000000
41 3135.119385 0.000000
42 3381.743652 0.000000
43 3640.468262 0.000000
44 3911.490479 0.000000
45 4194.930664 0.000000
46 4490.817383 0.000000
47 4799.149414 0.000000
48 5119.895020 0.000000
49 5452.990723 0.000000
50 5798.344727 0.000000
51 6156.074219 0.000000
52 6526.946777 0.000000
53 6911.870605 0.000000
54 7311.869141 0.000000
55 7727.412109 0.000007
56 8159.354004 0.000024
57 8608.525391 0.000059
58 9076.400391 0.000112
59 9562.682617 0.000199
60 10065.978520 0.000340
61 10584.631840 0.000562
62 11116.662110 0.000890
63 11660.067380 0.001353
64 12211.547850 0.001992
65 12766.873050 0.002857
66 13324.668950 0.003971
67 13881.331060 0.005378
68 14432.139650 0.007133
69 14975.615230 0.009261
70 15508.256840 0.011806
71 16026.115230 0.014816
72 16527.322270 0.018318
73 17008.789060 0.022355
74 17467.613280 0.026964
75 17901.621090 0.032176
76 18308.433590 0.038026
77 18685.718750 0.044548
78 19031.289060 0.051773
79 19343.511720 0.059728
80 19620.042970 0.068448
81 19859.390630 0.077958
82 20059.931640 0.088286
83 20219.664060 0.099462
84 20337.863280 0.111505
85 20412.308590 0.124448
86 20442.078130 0.138313
87 20425.718750 0.153125
88 20361.816410 0.168910
89 20249.511720 0.185689
90 20087.085940 0.203491
91 19874.025390 0.222333
92 19608.572270 0.242244
93 19290.226560 0.263242
94 18917.460940 0.285354
95 18489.707030 0.308598
96 18006.925780 0.332939
97 17471.839840 0.358254
98 16888.687500 0.384363
99 16262.046880 0.411125
100 15596.695310 0.438391
101 14898.453130 0.466003
102 14173.324220 0.493800
103 13427.769530 0.521619
104 12668.257810 0.549301
105 11901.339840 0.576692
106 11133.304690 0.603648
107 10370.175780 0.630036
108 9617.515625 0.655736
109 8880.453125 0.680643
110 8163.375000 0.704669
111 7470.343750 0.727739
112 6804.421875 0.749797
113 6168.531250 0.770798
114 5564.382813 0.790717
115 4993.796875 0.809536
116 4457.375000 0.827256
117 3955.960938 0.843881
118 3489.234375 0.859432
119 3057.265625 0.873929
120 2659.140625 0.887408
121 2294.242188 0.899900
122 1961.500000 0.911448
123 1659.476563 0.922096
124 1387.546875 0.931881
125 1143.250000 0.940860
126 926.507813 0.949064
127 734.992188 0.956550
128 568.062500 0.963352
129 424.414063 0.969513
130 302.476563 0.975078
131 202.484375 0.980072
132 122.101563 0.984542
133 62.781250 0.988500
134 22.835938 0.991984
135 3.757813 0.995003
136 0.000000 0.997630
137 0.000000 1.000000
